Kela,PaintBucket,CinRoll,MechanicalGloves,FireExtinguisher_FLIPPED,Clock,
